10,10,0.43072,0.30759
10,20,0.47506,0.33388
10,30,0.4996,0.34035
10,40,0.45685,0.32217
10,50,0.44418,0.31262
10,60,0.5004,0.34597
10,70,0.49485,0.34106
10,80,0.58274,0.37788
10,90,0.55028,0.36328
10,100,0.51227,0.34315
10,110,0.41568,0.30612
10,120,0.51623,0.34458
10,130,0.47743,0.33669
10,140,0.59857,0.38052
10,150,0.56928,0.37877
10,160,0.63183,0.40808
10,170,0.55978,0.36589
10,180,0.66825,0.41737
10,190,0.58907,0.37821
10,200,0.45447,0.31997
10,210,0.45051,0.31291
10,220,0.63895,0.40859
10,230,0.68329,0.41632
10,240,0.66904,0.4185
10,250,0.7498,0.43284
10,260,0.62391,0.40148
10,270,0.54078,0.36241
10,280,0.54711,0.35649
10,290,0.57799,0.37954
10,300,0.6152,0.39602
10,310,0.7213,0.44745
10,320,0.48219,0.33248
10,330,0.59145,0.38621
10,340,0.53761,0.36203
10,350,0.54157,0.36394
10,360,0.62945,0.40071
10,370,0.57482,0.37295
10,380,0.69675,0.42249
10,390,0.6445,0.40581
10,400,0.63341,0.40607
10,410,0.62154,0.39827
10,420,0.84086,0.45136
10,430,0.62154,0.3986
10,440,0.76564,0.44991
10,450,0.69992,0.42062
10,460,0.64846,0.40809
10,470,0.53919,0.35127
10,480,0.64925,0.40418
10,490,0.65004,0.40312
10,500,0.54869,0.36127
20,10,0.55661,0.37391
20,20,0.45606,0.32796
20,30,0.42597,0.30612
20,40,0.41172,0.29304
20,50,0.5867,0.38199
20,60,0.62866,0.3982
20,70,0.40222,0.29289
20,80,0.53761,0.36394
20,90,0.47823,0.33141
20,100,0.54236,0.36683
20,110,0.49248,0.34252
20,120,0.57324,0.3734
20,130,0.47348,0.33043
20,140,0.62787,0.39869
20,150,0.38321,0.2841
20,160,0.55819,0.37127
20,170,0.60966,0.39768
20,180,0.56136,0.38021
20,190,0.59541,0.38655
20,200,0.60333,0.38915
20,210,0.47506,0.32544
20,220,0.5194,0.35689
20,230,0.50752,0.34467
20,240,0.48931,0.33953
20,250,0.47585,0.32719
20,260,0.53207,0.36152
20,270,0.53919,0.36349
20,280,0.50198,0.34389
20,290,0.48694,0.33913
20,300,0.48377,0.34023
20,310,0.47427,0.32907
20,320,0.47981,0.33759
20,330,0.50752,0.35123
20,340,0.49169,0.34773
20,350,0.58274,0.37639
20,360,0.60412,0.39182
20,370,0.49485,0.34359
20,380,0.60333,0.3882
20,390,0.5479,0.36722
20,400,0.60253,0.38838
20,410,0.79256,1.3762
20,420,0.46002,0.32794
20,430,0.56453,0.37346
20,440,0.48535,0.33234
20,450,0.63341,0.3999
20,460,0.52098,0.35538
20,470,0.50515,0.35045
20,480,0.52415,0.3458
20,490,0.52336,0.3503
20,500,0.57641,0.37692
30,10,0.47031,0.3251
30,20,0.47981,0.33303
30,30,0.84561,0.684
30,40,0.34679,0.26274
30,50,0.4901,0.33642
30,60,0.49406,0.34666
30,70,0.47268,0.32651
30,80,0.44497,0.3182
30,90,0.4616,0.32183
30,100,0.64133,0.40561
30,110,0.47743,0.33653
30,120,0.49644,0.34656
30,130,0.52336,0.34562
30,140,0.49881,0.33928
30,150,0.43547,0.31469
30,160,0.46081,0.32215
30,170,0.58195,0.38468
30,180,0.56215,0.37168
30,190,0.39272,0.28946
30,200,0.5384,0.36351
30,210,0.44576,0.31751
30,220,0.39351,0.29137
30,230,0.42755,0.30723
30,240,0.48298,0.33434
30,250,0.34917,0.26789
30,260,0.48139,0.3391
30,270,0.45447,0.32408
30,280,0.56136,0.37742
30,290,0.44497,0.30809
30,300,0.56532,0.37627
30,310,0.41093,0.29795
30,320,0.47031,0.33864
30,330,0.43785,0.31529
30,340,0.52019,0.35625
30,350,0.39588,0.28241
30,360,0.52652,0.35667
30,370,0.51781,0.36196
30,380,0.43151,0.31276
30,390,0.47189,0.33083
30,400,0.45447,0.3303
30,410,0.46239,0.3272
30,420,0.52415,0.36025
30,430,0.4323,0.30701
30,440,0.6057,0.39163
30,450,0.48852,0.33026
30,460,0.33967,0.2505
30,470,0.4331,0.30072
30,480,0.47981,0.33926
30,490,0.5289,0.3605
30,500,0.46081,0.3319
40,10,0.47268,0.3267
40,20,0.46397,0.32979
40,30,0.4806,0.337
40,40,0.45447,0.33018
40,50,0.41568,0.30329
40,60,0.44576,0.32272
40,70,0.35709,0.2758
40,80,0.48377,0.33837
40,90,0.45843,0.31929
40,100,0.46873,0.32411
40,110,0.46081,0.32964
40,120,0.45051,0.32211
40,130,0.46002,0.33477
40,140,0.42914,0.31486
40,150,0.38797,0.28344
40,160,0.61599,0.39807
40,170,0.5669,1.3016
40,180,0.45051,0.32249
40,190,0.53998,0.36813
40,200,0.51306,0.35164
40,210,0.41489,0.29543
40,220,0.43626,0.31778
40,230,0.37371,0.27463
40,240,0.52652,0.35822
40,250,0.45051,0.31425
40,260,0.49406,0.34097
40,270,0.42835,0.30688
40,280,0.47823,0.33747
40,290,0.32621,0.25022
40,300,0.5099,0.35379
40,310,0.56374,1.3078
40,320,0.47427,0.33003
40,330,0.39272,0.29328
40,340,0.59382,0.3912
40,350,0.49881,0.33897
40,360,0.5677,0.37869
40,370,0.4901,0.33846
40,380,0.43626,0.31253
40,390,0.51069,0.3521
40,400,0.54394,0.36648
40,410,0.41884,0.3028
40,420,0.53207,0.36314
40,430,0.49802,0.34292
40,440,0.50752,0.34923
40,450,0.47268,0.32874
40,460,0.43072,0.31035
40,470,0.59857,1.3162
40,480,0.33492,0.25385
40,490,0.49723,0.34837
40,500,0.66112,1.3392
50,10,0.46397,0.32547
50,20,0.55819,0.37308
50,30,0.41172,0.30406
50,40,0.49406,0.33551
50,50,0.44022,0.3078
50,60,0.50831,0.34836
50,70,0.39826,0.28508
50,80,0.57482,0.37963
50,90,0.46952,0.33461
50,100,0.55582,0.37372
50,110,0.49881,0.34242
50,120,0.49485,0.33781
50,130,0.63658,0.40674
50,140,0.38638,0.28329
50,150,0.54315,0.36522
50,160,0.37846,0.28399
50,170,0.56849,0.37141
50,180,0.46556,0.32061
50,190,0.58274,0.3847
50,200,0.51306,0.35312
50,210,0.54632,0.36791
50,220,0.46793,0.33092
50,230,0.51386,0.3578
50,240,0.38717,0.2793
50,250,0.45527,0.32546
50,260,0.61362,1.3185
50,270,0.50515,0.34883
50,280,0.4901,0.33347
50,290,0.55186,0.37331
50,300,0.62233,0.40839
50,310,0.4426,0.31138
50,320,0.42359,0.31083
50,330,0.52019,1.2831
50,340,0.41172,0.29047
50,350,0.36817,0.28236
50,360,0.52969,0.36044
50,370,0.47427,0.33458
50,380,0.45922,0.33018
50,390,0.41251,0.29546
50,400,0.45368,0.33194
50,410,0.42755,0.30682
50,420,0.44576,0.31345
50,430,0.42122,0.30422
50,440,0.4038,0.29651
50,450,0.42201,0.30844
50,460,0.40459,0.2973
50,470,0.53603,0.36837
50,480,0.52652,0.3616
50,490,0.51386,0.3528
50,500,0.47031,0.33342
60,10,0.49723,0.33713
60,20,0.44972,0.31756
60,30,0.51544,0.34857
60,40,0.49248,0.33749
60,50,0.54869,0.36412
60,60,0.49406,0.33851
60,70,0.45051,0.32531
60,80,0.4133,0.29693
60,90,0.43626,0.31556
60,100,0.41805,0.30166
60,110,0.39192,0.28583
60,120,0.39113,0.29364
60,130,0.39034,0.28581
60,140,0.44656,0.32007
60,150,0.42518,0.30199
60,160,0.53682,0.36266
60,170,0.47664,0.33399
60,180,0.47664,0.33157
60,190,0.52177,0.35583
60,200,0.44576,0.32907
60,210,0.39113,0.29491
60,220,0.53998,0.36259
60,230,0.45922,0.32837
60,240,0.44497,0.3179
60,250,0.42914,0.3118
60,260,0.48456,0.34095
60,270,0.38321,0.28288
60,280,0.46635,0.32841
60,290,0.34759,0.27132
60,300,0.37055,0.27793
60,310,0.42043,0.30873
60,320,0.39272,0.29235
60,330,0.50752,0.35338
60,340,0.48931,0.33876
60,350,0.51069,0.3509
60,360,0.52494,0.35832
60,370,0.51544,0.34553
60,380,0.40538,0.29853
60,390,0.49565,0.34148
60,400,0.47743,0.33738
60,410,0.53682,0.35531
60,420,0.41568,0.30173
60,430,0.4228,0.30906
60,440,0.42201,0.30822
60,450,0.37767,0.28278
60,460,0.47031,0.32975
60,470,0.49802,0.3462
60,480,0.46952,0.32735
60,490,0.41964,0.30452
60,500,0.48139,0.3315
70,10,0.56532,0.3719
70,20,0.50198,0.34602
70,30,0.35867,0.26399
70,40,0.5194,0.35346
70,50,0.47664,0.34162
70,60,0.44893,0.31884
70,70,0.43785,0.31914
70,80,0.57799,0.38031
70,90,0.39747,0.28954
70,100,0.52494,0.35642
70,110,0.48139,0.33672
70,120,0.54473,0.36486
70,130,0.4228,0.30113
70,140,0.46318,0.32933
70,150,0.4996,0.34485
70,160,0.49723,0.34685
70,170,0.52811,0.35558
70,180,0.50198,0.33869
70,190,0.44576,0.31744
70,200,0.5004,0.34963
70,210,0.42676,0.30887
70,220,0.42122,0.30222
70,230,0.44576,0.31168
70,240,0.47743,0.34436
70,250,0.4901,0.3324
70,260,0.41409,0.30486
70,270,0.52652,0.36716
70,280,0.42439,0.31086
70,290,0.5289,0.35273
70,300,0.48456,0.33948
70,310,0.51465,0.34737
70,320,0.46556,0.33338
70,330,0.44972,0.32798
70,340,0.43626,0.31341
70,350,0.46002,0.32666
70,360,0.43864,0.30923
70,370,0.4331,0.31243
70,380,0.40697,0.29806
70,390,0.38242,0.28658
70,400,0.40222,0.30065
70,410,0.54157,0.37216
70,420,0.53603,0.36133
70,430,0.48456,0.33644
70,440,0.50515,0.35412
70,450,0.61362,1.3293
70,460,0.44576,0.32025
70,470,0.52732,0.3639
70,480,0.43468,0.31364
70,490,0.44339,0.32095
70,500,0.4901,0.33499
80,10,0.54632,0.36008
80,20,0.58749,0.38126
80,30,0.61758,0.39606
80,40,0.45843,0.32369
80,50,0.46873,0.32697
80,60,0.37213,0.27223
80,70,0.40222,0.29346
80,80,0.47823,0.33828
80,90,0.49406,0.34151
80,100,0.47268,0.33015
80,110,0.37767,0.28112
80,120,0.39905,0.28433
80,130,0.47585,0.33636
80,140,0.44576,0.31826
80,150,0.71021,0.46754
80,160,0.39351,0.29508
80,170,0.50198,0.3543
80,180,0.4901,0.34085
80,190,0.37767,0.28536
80,200,0.40618,0.29969
80,210,0.40934,0.29266
80,220,0.44418,0.32377
80,230,0.50277,0.34784
80,240,0.4331,0.30973
80,250,0.42122,0.3041
80,260,0.46081,0.33268
80,270,0.46873,0.32688
80,280,0.48139,0.3372
80,290,0.37292,0.26979
80,300,0.44101,0.3167
80,310,0.42201,0.2981
80,320,0.44339,0.31731
80,330,0.55028,1.2989
80,340,0.38084,0.28637
80,350,0.51227,0.34806
80,360,0.44022,0.3181
80,370,0.42359,0.3133
80,380,0.42835,0.31777
80,390,0.41647,0.30089
80,400,0.45527,0.32419
80,410,0.39192,0.28833
80,420,0.59937,0.40811
80,430,0.39826,0.2886
80,440,0.40618,0.28564
80,450,0.55107,0.37844
80,460,0.40538,0.29066
80,470,0.48773,0.33966
80,480,0.45764,0.31728
80,490,0.44576,0.318
80,500,0.4996,0.34961
90,10,0.48535,0.33598
90,20,0.3943,0.29714
90,30,0.43626,0.30838
90,40,0.51702,0.34999
90,50,0.56849,0.37542
90,60,0.44893,0.31847
90,70,0.39747,0.29178
90,80,0.56611,0.37574
90,90,0.44656,0.3259
90,100,0.47031,0.33117
90,110,0.47743,0.33459
90,120,0.38638,0.28813
90,130,0.45922,0.32375
90,140,0.52732,0.36308
90,150,0.51702,0.34986
90,160,0.47268,0.33192
90,170,0.47902,0.3285
90,180,0.50198,0.34494
90,190,0.40143,0.29369
90,200,0.33492,0.26167
90,210,0.45447,0.32224
90,220,0.52098,0.35705
90,230,0.48931,0.34467
90,240,0.45447,0.32251
90,250,0.46002,0.33511
90,260,0.50752,0.35901
90,270,0.37451,0.27577
90,280,0.35154,0.27265
90,290,0.40697,0.30286
90,300,0.51465,0.35598
90,310,0.41884,0.31546
90,320,0.45843,0.31988
90,330,0.41251,0.30104
90,340,0.50831,0.3533
90,350,0.41093,0.30364
90,360,0.42518,0.30029
90,370,0.39747,0.28043
90,380,0.48219,0.34243
90,390,0.38717,0.28936
90,400,0.36817,0.27564
90,410,0.49248,0.34284
90,420,0.48456,0.33345
90,430,0.46556,0.3302
90,440,0.38559,0.29052
90,450,0.33017,0.25289
90,460,0.46635,0.32966
90,470,0.40063,0.29353
90,480,0.45131,0.31475
90,490,0.51781,0.36319
90,500,0.51781,0.35951
100,10,0.43705,0.32131
100,20,0.60333,0.3889
100,30,0.4228,0.30753
100,40,0.46714,0.32339
100,50,0.46477,0.3345
100,60,0.54394,0.36563
100,70,0.45131,0.32394
100,80,0.39509,0.28994
100,90,0.39351,0.29021
100,100,0.49089,0.33923
100,110,0.53286,0.35325
100,120,0.38242,0.28769
100,130,0.52811,0.36156
100,140,0.49565,0.34467
100,150,0.35154,0.25998
100,160,0.42835,0.30647
100,170,0.36659,0.26967
100,180,0.42676,0.30866
100,190,0.54711,0.37065
100,200,0.52969,0.36035
100,210,0.38321,0.28402
100,220,0.47823,0.3262
100,230,0.44893,0.31622
100,240,0.53682,0.35729
100,250,0.45843,0.32839
100,260,0.65479,1.3739
100,270,0.38717,0.28762
100,280,0.36738,0.27654
100,290,0.40063,0.28549
100,300,0.43151,0.30814
100,310,0.47743,0.32979
100,320,0.54473,0.37297
100,330,0.37451,0.28287
100,340,0.43785,0.32146
100,350,0.38638,0.2903
100,360,0.34996,0.27444
100,370,0.47268,0.33744
100,380,0.42835,0.30658
100,390,0.50594,0.35608
100,400,0.45685,0.32088
100,410,0.49169,0.3432
100,420,0.45051,0.31776
100,430,0.38797,0.29403
100,440,0.3848,0.28205
100,450,0.43626,0.30621
100,460,0.3848,0.29812
100,470,0.42122,0.29904
100,480,0.41489,0.30573
100,490,0.40934,0.30456
100,500,0.45289,0.33195
110,10,0.46477,0.32099
110,20,0.4521,0.32004
110,30,0.62074,0.39666
110,40,0.51306,0.35065
110,50,0.53207,0.36514
110,60,0.5289,0.36578
110,70,0.46635,0.32557
110,80,0.37846,0.28203
110,90,0.37926,0.28315
110,100,0.47902,0.33618
110,110,0.42122,0.30641
110,120,0.365,0.26963
110,130,0.40143,0.29135
110,140,0.45843,0.32809
110,150,0.47902,0.34329
110,160,0.4711,0.33535
110,170,0.44339,0.31839
110,180,0.4133,0.29451
110,190,0.46556,0.33018
110,200,0.41884,0.29658
110,210,0.41489,0.30336
110,220,0.45051,0.32084
110,230,0.46635,0.3325
110,240,0.53919,0.35859
110,250,0.5289,0.36598
110,260,0.44814,0.32777
110,270,0.63104,0.42242
110,280,0.36659,0.28127
110,290,0.43468,0.31904
110,300,0.47981,0.33835
110,310,0.39747,0.28514
110,320,0.46002,0.3331
110,330,0.346,0.25921
110,340,0.41884,0.2996
110,350,0.38638,0.29252
110,360,0.36421,0.2801
110,370,0.38559,0.28042
110,380,0.39667,0.2934
110,390,0.46793,0.32539
110,400,0.49565,1.2686
110,410,0.32621,0.25226
110,420,0.44101,0.31176
110,430,0.47585,0.33666
110,440,0.46318,0.32691
110,450,0.37134,0.27616
110,460,0.41805,0.31103
110,470,0.365,0.26955
110,480,0.3753,0.28412
110,490,0.51702,0.34889
110,500,0.47189,0.33281
120,10,0.53048,0.35528
120,20,0.52494,0.36276
120,30,0.55265,0.37658
120,40,0.61837,0.40009
120,50,0.35867,0.27545
120,60,0.46002,0.32981
120,70,0.39905,0.29133
120,80,0.41489,0.3043
120,90,0.44418,0.31493
120,100,0.54394,0.36001
120,110,0.43389,0.31754
120,120,0.42755,0.30548
120,130,0.39905,0.29422
120,140,0.47664,0.33462
120,150,0.4426,0.31346
120,160,0.59778,1.3025
120,170,0.48377,0.33574
120,180,0.53207,1.2771
120,190,0.39667,0.29088
120,200,0.55186,0.37506
120,210,0.42993,0.30584
120,220,0.51386,0.35804
120,230,0.50515,0.33712
120,240,0.39747,0.3007
120,250,0.39667,0.29514
120,260,0.52573,0.36874
120,270,0.44339,1.2517
120,280,0.40222,0.29585
120,290,0.44022,0.30983
120,300,0.49327,0.34672
120,310,0.28583,0.22871
120,320,0.4323,0.31219
120,330,0.38401,0.29021
120,340,0.49802,0.34862
120,350,0.48456,0.33668
120,360,0.37292,0.27646
120,370,0.53603,0.36773
120,380,0.3753,0.2857
120,390,0.36817,0.29011
120,400,0.38401,0.29069
120,410,0.34759,0.26421
120,420,0.55503,0.38825
120,430,0.365,0.2837
120,440,0.39588,0.2923
120,450,0.47348,0.33459
120,460,0.4323,0.31525
120,470,0.43785,0.30867
120,480,0.53682,0.36581
120,490,0.4133,0.30332
120,500,0.38005,0.28085
130,10,0.51069,0.35163
130,20,0.47902,0.34539
130,30,0.45289,0.31544
130,40,0.43072,0.30203
130,50,0.47664,0.33144
130,60,0.60887,0.39298
130,70,0.38005,0.28445
130,80,0.44814,0.31858
130,90,0.57561,0.37658
130,100,0.3658,0.27442
130,110,0.43705,0.30835
130,120,0.44814,0.32262
130,130,0.39667,0.2934
130,140,0.45289,0.32148
130,150,0.46477,0.3201
130,160,0.44181,0.3155
130,170,0.41805,0.30237
130,180,0.42597,0.31937
130,190,0.37371,0.2782
130,200,0.346,0.26665
130,210,0.4426,0.31892
130,220,0.41964,0.30604
130,230,0.47981,0.33841
130,240,0.4806,0.3346
130,250,0.4331,0.31501
130,260,0.44972,0.32466
130,270,0.41805,0.3028
130,280,0.44181,0.3284
130,290,0.38876,0.28755
130,300,0.43864,0.31867
130,310,0.49169,0.34467
130,320,0.44497,0.32649
130,330,0.41251,0.30941
130,340,0.47664,0.33522
130,350,0.44497,0.31717
130,360,0.37055,0.28533
130,370,0.42043,0.31502
130,380,0.39905,0.29569
130,390,0.41489,0.31128
130,400,0.46002,0.32804
130,410,0.44814,0.31919
130,420,0.44418,0.31741
130,430,0.35629,0.2691
130,440,0.43943,0.31581
130,450,0.49327,0.34548
130,460,0.39984,0.28727
130,470,0.49169,0.34589
130,480,0.4323,0.31364
130,490,0.35471,0.26309
130,500,0.4616,0.33144
140,10,0.55503,0.37461
140,20,0.46793,0.32061
140,30,0.66429,0.41123
140,40,0.45447,0.31822
140,50,0.40697,0.29622
140,60,0.42043,0.3089
140,70,0.41409,0.29198
140,80,0.44972,0.32177
140,90,0.42043,0.30684
140,100,0.33492,0.2587
140,110,0.50594,0.34956
140,120,0.37767,0.2834
140,130,0.46714,0.32989
140,140,0.55265,0.3643
140,150,0.38242,0.2862
140,160,0.49089,0.33756
140,170,0.42835,0.30364
140,180,0.45764,0.32495
140,190,0.54236,0.36674
140,200,0.41251,0.30622
140,210,0.44181,0.31595
140,220,0.39667,0.29005
140,230,0.37134,0.27856
140,240,0.46081,0.32261
140,250,0.43626,0.30408
140,260,0.36342,0.27132
140,270,0.32304,0.24553
140,280,0.41093,0.29508
140,290,0.40459,0.29827
140,300,0.54078,1.2993
140,310,0.53682,0.36793
140,320,0.57641,0.40297
140,330,0.38717,0.29568
140,340,0.4521,0.32593
140,350,0.46477,0.32159
140,360,0.48219,0.34654
140,370,0.4331,0.3154
140,380,0.50515,0.34276
140,390,0.40934,0.29172
140,400,0.40776,0.29591
140,410,0.43151,0.31496
140,420,0.49169,1.2735
140,430,0.41884,0.30911
140,440,0.4901,0.3501
140,450,0.40459,0.29941
140,460,0.42439,0.31385
140,470,0.45843,0.32849
140,480,0.43468,0.31939
140,490,0.46714,0.33542
140,500,0.46239,0.32909
150,10,0.4228,0.31122
150,20,0.43626,0.3184
150,30,0.5962,0.39392
150,40,0.51781,0.34989
150,50,0.44181,0.31921
150,60,0.42597,0.31037
150,70,0.47902,0.33917
150,80,0.55028,0.36995
150,90,0.48139,0.33212
150,100,0.45922,0.32341
150,110,0.40143,0.29389
150,120,0.47664,0.33368
150,130,0.51148,1.2631
150,140,0.35709,0.26797
150,150,0.56532,1.2974
150,160,0.51306,0.35301
150,170,0.47268,0.32964
150,180,0.43151,0.31605
150,190,0.42597,0.31305
150,200,0.45289,0.32228
150,210,0.45843,0.33236
150,220,0.4521,0.31914
150,230,0.45131,0.32308
150,240,0.41489,0.30006
150,250,0.44735,0.32452
150,260,0.48931,0.3392
150,270,0.32621,0.25488
150,280,0.40538,0.29202
150,290,0.41884,0.30219
150,300,0.58274,0.40138
150,310,0.4996,0.34278
150,320,0.44814,0.32205
150,330,0.38084,0.28966
150,340,0.45527,0.32857
150,350,0.4038,0.28295
150,360,0.48456,0.33774
150,370,0.44022,0.32434
150,380,0.34996,0.26598
150,390,0.40538,0.29935
150,400,0.51148,1.2852
150,410,0.44735,0.31822
150,420,0.47348,0.33159
150,430,0.55503,0.37799
150,440,0.33967,0.25933
150,450,0.3658,0.2793
150,460,0.39509,0.28602
150,470,0.34759,0.27199
150,480,0.3753,0.28816
150,490,0.50277,0.34872
150,500,0.27633,0.23181
160,10,0.45922,0.32911
160,20,0.43468,0.30801
160,30,0.41805,0.30215
160,40,0.44339,0.32212
160,50,0.39034,0.28744
160,60,0.5867,0.37776
160,70,0.3753,0.28179
160,80,0.48694,0.3357
160,90,0.38955,0.2877
160,100,0.46873,0.33039
160,110,0.56611,0.37926
160,120,0.42201,0.31171
160,130,0.43705,0.31744
160,140,0.44814,0.31835
160,150,0.42993,0.31205
160,160,0.51465,0.34828
160,170,0.37451,0.27981
160,180,0.39984,0.28867
160,190,0.44576,0.3233
160,200,0.40934,0.29955
160,210,0.47585,0.33325
160,220,0.40222,0.29887
160,230,0.44497,0.32491
160,240,0.40776,0.29936
160,250,0.42835,0.30975
160,260,0.44497,0.31641
160,270,0.53207,0.3574
160,280,0.48298,0.34783
160,290,0.44497,0.3202
160,300,0.43705,0.31134
160,310,0.59778,0.40656
160,320,0.41964,0.30744
160,330,0.40934,0.29584
160,340,0.43864,0.30833
160,350,0.38321,0.28809
160,360,0.36738,0.27089
160,370,0.4133,0.29923
160,380,0.35709,0.27083
160,390,0.31037,0.24262
160,400,0.35629,0.26561
160,410,0.49248,0.3503
160,420,0.4323,0.31831
160,430,0.46556,0.33412
160,440,0.44339,0.32739
160,450,0.35946,0.28086
160,460,0.43626,0.31144
160,470,0.46239,0.32925
160,480,0.4323,0.31147
160,490,0.47506,0.33994
160,500,0.39588,0.29207
170,10,0.47268,0.32717
170,20,0.43072,0.31338
170,30,0.41251,0.2988
170,40,0.38955,0.28624
170,50,0.43547,0.3201
170,60,0.46318,0.32032
170,70,0.48139,0.34844
170,80,0.44576,0.31815
170,90,0.3943,0.29066
170,100,0.44656,0.31765
170,110,0.4038,0.29034
170,120,0.39351,0.2864
170,130,0.52573,0.3612
170,140,0.3753,0.2862
170,150,0.35867,0.27411
170,160,0.3658,0.27528
170,170,0.52336,0.36011
170,180,0.36342,0.27347
170,190,0.48773,0.34261
170,200,0.47348,0.33416
170,210,0.41172,0.29548
170,220,0.37767,0.28491
170,230,0.4331,0.31447
170,240,0.46318,0.3341
170,250,0.41251,0.29938
170,260,0.29612,0.23148
170,270,0.33413,0.26344
170,280,0.45368,0.32375
170,290,0.41013,0.29549
170,300,0.50752,1.2782
170,310,0.39588,0.28572
170,320,0.37926,0.28303
170,330,0.45051,0.31786
170,340,0.36975,0.27787
170,350,0.44497,0.31984
170,360,0.36025,0.2666
170,370,0.46239,0.33022
170,380,0.44497,0.3241
170,390,0.38955,0.29042
170,400,0.41251,0.30665
170,410,0.49881,1.2761
170,420,0.33492,0.26178
170,430,0.34838,0.26909
170,440,0.38401,0.28113
170,450,0.35313,0.26062
170,460,0.42993,0.31839
170,470,0.47902,0.34111
170,480,0.38321,0.28734
170,490,0.41489,0.3069
170,500,0.41647,0.30412
180,10,0.66429,0.42364
180,20,0.37926,0.28312
180,30,0.38955,0.29534
180,40,0.44497,0.3195
180,50,0.39509,0.28922
180,60,0.47189,0.33438
180,70,0.34363,0.26429
180,80,0.57482,0.38752
180,90,0.52811,0.35909
180,100,0.42993,0.30924
180,110,0.44497,0.32073
180,120,0.58432,0.3877
180,130,0.44497,0.31762
180,140,0.36738,0.28268
180,150,0.48931,1.2927
180,160,0.52969,0.35912
180,170,0.46873,0.32696
180,180,0.37609,0.27755
180,190,0.37451,0.27678
180,200,0.53048,0.36439
180,210,0.37292,0.27767
180,220,0.47506,0.33473
180,230,0.40538,0.29811
180,240,0.43389,0.30608
180,250,0.4521,0.3218
180,260,0.41964,0.30604
180,270,0.4996,0.33981
180,280,0.42914,0.31108
180,290,0.36025,0.26758
180,300,0.45051,0.31816
180,310,0.40063,0.29801
180,320,0.43705,0.3257
180,330,0.41726,0.31364
180,340,0.51861,0.36282
180,350,0.33888,0.26105
180,360,0.41409,0.29501
180,370,0.365,0.27515
180,380,0.32225,0.24995
180,390,0.41726,1.2373
180,400,0.38559,0.28769
180,410,0.44972,0.32259
180,420,0.51781,0.34365
180,430,0.34759,0.25891
180,440,0.35709,0.27913
180,450,0.37055,0.27334
180,460,0.39351,0.29628
180,470,0.42359,0.30907
180,480,0.40538,0.2992
180,490,0.4521,0.32842
180,500,0.35709,0.27605
190,10,0.39826,0.29579
190,20,0.39272,0.29505
190,30,0.3943,0.28986
190,40,0.50752,0.34978
190,50,0.43705,0.31025
190,60,0.60095,0.39638
190,70,0.40063,0.29733
190,80,0.5194,0.35456
190,90,0.45922,0.31872
190,100,0.47189,0.32766
190,110,0.36263,0.27111
190,120,0.39351,0.29154
190,130,0.42201,0.3052
190,140,0.45764,0.32349
190,150,0.47268,0.33543
190,160,0.4901,0.34428
190,170,0.47427,0.32943
190,180,0.46793,0.33317
190,190,0.51069,0.35088
190,200,0.42993,0.31069
190,210,0.45447,0.32637
190,220,0.45368,0.31847
190,230,0.48535,0.33529
190,240,0.48852,0.33842
190,250,0.35471,0.27594
190,260,0.45764,0.32023
190,270,0.48694,0.34499
190,280,0.45447,0.31841
190,290,0.42518,0.3056
190,300,0.39588,0.29152
190,310,0.37371,0.27831
190,320,0.42201,0.30168
190,330,0.38876,0.28848
190,340,0.48614,0.34029
190,350,0.38717,0.28907
190,360,0.39667,0.28953
190,370,0.39113,0.28667
190,380,0.365,0.27808
190,390,0.327,0.26133
190,400,0.37055,0.27632
190,410,0.4426,0.31213
190,420,0.47031,0.33453
190,430,0.43151,0.31812
190,440,0.39113,0.28641
190,450,0.44814,0.31428
190,460,0.33967,0.27108
190,470,0.44735,0.31937
190,480,0.4996,0.35568
190,490,0.46873,0.33315
190,500,0.48298,0.33635
200,10,0.58511,0.38718
200,20,0.43705,0.31762
200,30,0.60253,0.39467
200,40,0.39747,0.29272
200,50,0.40776,0.2987
200,60,0.51623,0.34901
200,70,0.43785,0.31231
200,80,0.46477,0.32901
200,90,0.42597,0.30367
200,100,0.4331,0.31829
200,110,0.36263,0.26987
200,120,0.52732,0.35266
200,130,0.41805,0.31247
200,140,0.46318,0.33004
200,150,0.53127,0.36144
200,160,0.29612,0.23834
200,170,0.44497,0.31644
200,180,0.33492,0.25434
200,190,0.40538,0.29171
200,200,0.45922,0.324
200,210,0.34204,0.27284
200,220,0.40063,0.29329
200,230,0.44101,0.31629
200,240,0.44656,0.3091
200,250,0.38242,0.28911
200,260,0.4331,0.31562
200,270,0.37213,0.26995
200,280,0.39351,0.29409
200,290,0.38876,0.2808
200,300,0.38163,0.27727
200,310,0.56215,1.301
200,320,0.41726,0.3043
200,330,0.35154,0.26439
200,340,0.44022,0.31999
200,350,0.42439,0.30656
200,360,0.40143,0.29652
200,370,0.39826,0.30455
200,380,0.39826,0.29228
200,390,0.37767,0.29046
200,400,0.48219,0.34065
200,410,0.39747,0.29745
200,420,0.44418,0.31779
200,430,0.4331,0.3147
200,440,0.39113,0.29551
200,450,0.60333,0.41899
200,460,0.35234,0.27321
200,470,0.47427,0.33743
200,480,0.68963,2.2943
200,490,0.36184,0.27704
200,500,0.40459,0.29869
210,10,0.46556,0.32586
210,20,0.47823,0.34208
210,30,0.4038,0.30336
210,40,0.40934,0.30163
210,50,0.46952,0.33146
210,60,0.41964,0.29814
210,70,0.42043,0.31263
210,80,0.49248,0.33276
210,90,0.44101,0.31037
210,100,0.34759,0.25866
210,110,0.45606,0.31339
210,120,0.39351,0.29498
210,130,0.38559,0.28316
210,140,0.62074,0.41636
210,150,0.41489,0.29987
210,160,0.60095,0.38939
210,170,0.40222,0.29454
210,180,0.38876,0.29457
210,190,0.42359,0.29955
210,200,0.4323,0.30689
210,210,0.48139,0.33474
210,220,0.40301,0.29365
210,230,0.42835,0.30412
210,240,0.46873,0.32931
210,250,0.4133,0.29799
210,260,0.39034,0.28797
210,270,0.39192,0.27721
210,280,0.44735,1.2269
210,290,0.43705,0.31821
210,300,0.48377,0.34354
210,310,0.41093,1.2258
210,320,0.40934,0.30343
210,330,0.41805,0.30022
210,340,0.45289,0.33047
210,350,0.39747,0.29802
210,360,0.38242,0.27684
210,370,0.37055,0.27366
210,380,0.40934,0.30863
210,390,0.41093,0.30258
210,400,0.37926,0.28146
210,410,0.34838,0.2722
210,420,0.3753,0.2869
210,430,0.43468,0.31161
210,440,0.4806,0.34088
210,450,0.46397,0.33053
210,460,0.42993,0.31543
210,470,0.51861,0.36668
210,480,0.43072,0.31546
210,490,0.36738,0.27429
210,500,0.35234,0.27618
220,10,0.66983,0.42605
220,20,0.49644,0.3377
220,30,0.59224,0.39365
220,40,0.34996,0.26815
220,50,0.57641,0.3797
220,60,0.50515,0.3528
220,70,0.41251,0.2994
220,80,0.49485,0.34441
220,90,0.42359,0.30174
220,100,0.46635,0.33247
220,110,0.46239,0.32412
220,120,0.46318,0.31871
220,130,0.48219,0.33474
220,140,0.43547,0.31599
220,150,0.48535,0.32834
220,160,0.42122,0.31
220,170,0.78543,0.44729
220,180,0.51148,0.35224
220,190,0.35154,0.26155
220,200,0.51227,0.34679
220,210,0.40222,0.29077
220,220,0.39905,0.29797
220,230,0.40222,0.29524
220,240,0.4228,1.2334
220,250,0.53919,0.36907
220,260,0.55265,0.37877
220,270,0.41013,0.30449
220,280,0.38559,0.28993
220,290,0.38084,0.2817
220,300,0.40222,0.29615
220,310,0.43389,0.30861
220,320,0.33413,0.25279
220,330,0.50198,0.34712
220,340,0.36105,0.27495
220,350,0.54078,0.37643
220,360,0.44814,0.31346
220,370,0.33254,0.25557
220,380,0.40855,0.302
220,390,0.35867,0.27024
220,400,0.39113,0.28976
220,410,0.41251,0.30171
220,420,0.42359,0.30946
220,430,0.38084,0.27851
220,440,0.42359,0.30733
220,450,0.5962,0.42373
220,460,0.39034,0.29233
220,470,0.3658,0.27186
220,480,0.38005,0.27815
220,490,0.51386,0.35433
220,500,0.45843,0.33259
230,10,0.42755,0.30775
230,20,0.59778,0.37917
230,30,0.57799,0.38099
230,40,0.35154,0.26243
230,50,0.60016,0.39272
230,60,0.43151,0.30799
230,70,0.46477,0.32771
230,80,0.40618,0.29398
230,90,0.4616,0.32815
230,100,0.47823,0.33874
230,110,0.43864,0.3122
230,120,0.44656,0.3157
230,130,0.49089,0.3427
230,140,0.4426,0.31748
230,150,0.50435,0.35028
230,160,0.43151,0.29669
230,170,0.30958,0.24648
230,180,0.49248,0.34673
230,190,0.41172,0.30659
230,200,0.46556,0.32998
230,210,0.42518,0.30177
230,220,0.40776,0.29274
230,230,0.48298,0.33475
230,240,0.3555,0.26978
230,250,0.40301,0.30472
230,260,0.40459,0.29518
230,270,0.42993,0.30899
230,280,0.35313,0.27412
230,290,0.44893,0.32701
230,300,0.43468,0.31118
230,310,0.49169,0.35454
230,320,0.33333,0.25892
230,330,0.27474,0.22978
230,340,0.42676,0.31197
230,350,0.39113,0.28971
230,360,0.50356,0.34708
230,370,0.32542,0.25162
230,380,0.43072,1.2223
230,390,0.39826,0.29924
230,400,0.37371,0.28799
230,410,0.54394,0.38711
230,420,0.4331,0.30926
230,430,0.40222,0.29709
230,440,0.33729,0.26408
230,450,0.44418,0.31055
230,460,0.41884,0.30533
230,470,0.41172,0.30644
230,480,0.37767,0.28635
230,490,0.33808,0.26502
230,500,0.47823,0.33323
240,10,0.60966,0.40112
240,20,0.45368,0.33574
240,30,0.4711,0.32521
240,40,0.47268,0.33778
240,50,0.43943,0.31852
240,60,0.47189,0.33229
240,70,0.43864,0.31634
240,80,0.49089,0.34467
240,90,0.52969,0.35802
240,100,0.346,0.26672
240,110,0.48694,0.3366
240,120,0.38638,0.28693
240,130,0.42201,0.30342
240,140,0.44656,0.32332
240,150,0.41805,0.30856
240,160,0.4901,0.33821
240,170,0.38876,0.28198
240,180,0.50119,0.34583
240,190,0.47585,0.34208
240,200,0.38559,0.28415
240,210,0.4038,0.29434
240,220,0.44735,0.31709
240,230,0.41251,0.2938
240,240,0.43151,0.3144
240,250,0.36896,0.27649
240,260,0.44181,0.32019
240,270,0.46556,0.33332
240,280,0.42755,0.3081
240,290,0.38559,0.28853
240,300,0.43468,0.31245
240,310,0.52494,0.36817
240,320,0.38797,0.28229
240,330,0.55661,1.3261
240,340,0.46873,0.32504
240,350,0.43785,0.32286
240,360,0.36025,0.26988
240,370,0.32462,0.25185
240,380,0.38321,0.29038
240,390,0.56453,0.39207
240,400,0.41251,0.30255
240,410,0.41489,0.31439
240,420,0.34996,0.26822
240,430,0.44497,0.31125
240,440,0.39588,0.28124
240,450,0.34996,0.26236
240,460,0.36263,0.28455
240,470,0.41489,0.3003
240,480,0.33888,0.26406
240,490,0.41647,0.3139
240,500,0.49723,0.34847
250,10,0.4426,0.32208
250,20,0.46239,0.32901
250,30,0.38955,0.29155
250,40,0.49169,0.32998
250,50,0.5479,0.36734
250,60,0.49327,0.34441
250,70,0.40934,0.29543
250,80,0.46635,0.32756
250,90,0.40538,0.29539
250,100,0.39113,0.29119
250,110,0.42439,0.31227
250,120,0.40222,0.28931
250,130,0.45764,0.32449
250,140,0.43547,0.31364
250,150,0.41726,1.233
250,160,0.49327,0.34273
250,170,0.48456,1.2515
250,180,0.4331,0.31329
250,190,0.41805,0.29677
250,200,0.39826,0.29951
250,210,0.44893,0.31752
250,220,0.45527,0.32258
250,230,0.45447,0.332
250,240,0.37688,0.2835
250,250,0.47664,0.32943
250,260,0.40855,0.30019
250,270,0.38876,0.28436
250,280,0.45527,0.3257
250,290,0.49406,1.274
250,300,0.50673,0.35289
250,310,0.5004,0.34973
250,320,0.41805,0.29827
250,330,0.37134,0.28708
250,340,0.40143,0.29261
250,350,0.365,0.27964
250,360,0.47506,0.33831
250,370,0.41726,0.3001
250,380,0.37292,0.27908
250,390,0.50356,0.35256
250,400,0.43626,0.31915
250,410,0.46002,0.32734
250,420,0.43151,0.30787
250,430,0.42201,0.29939
250,440,0.39905,0.29455
250,450,0.37371,0.28078
250,460,0.41568,0.30684
250,470,0.39192,0.29343
250,480,0.38321,0.28307
250,490,0.31671,0.25055
250,500,0.47189,0.33114
260,10,0.49723,0.34672
260,20,0.3555,0.2743
260,30,0.50911,0.35252
260,40,0.34204,0.26518
260,50,0.46081,0.32414
260,60,0.5194,0.36039
260,70,0.55186,0.3755
260,80,0.42043,0.30415
260,90,0.45764,0.31791
260,100,0.42676,0.30964
260,110,0.37926,0.28417
260,120,0.53444,0.36858
260,130,0.40934,0.29786
260,140,0.39272,0.2872
260,150,0.43072,0.31637
260,160,0.46556,0.33725
260,170,0.47902,0.33389
260,180,0.55978,0.37396
260,190,0.40776,0.29925
260,200,0.38797,0.28394
260,210,0.42043,0.30763
260,220,0.39905,0.28554
260,230,0.35946,0.27463
260,240,0.41409,0.30501
260,250,0.42439,0.30663
260,260,0.53048,0.3698
260,270,0.44656,0.32032
260,280,0.53127,0.36644
260,290,0.41172,0.3094
260,300,0.51544,0.36075
260,310,0.41172,0.30284
260,320,0.46635,0.32863
260,330,0.35788,0.27268
260,340,0.40222,0.2975
260,350,0.53048,0.36002
260,360,0.4426,0.31844
260,370,0.33333,0.25638
260,380,0.5669,0.38677
260,390,0.38955,0.27475
260,400,0.46556,0.34042
260,410,0.41805,0.30037
260,420,0.57957,2.2701
260,430,0.45606,0.32894
260,440,0.40143,0.31058
260,450,0.4323,0.31253
260,460,0.4331,1.2429
260,470,0.32858,0.25853
260,480,0.42122,0.30935
260,490,0.37926,0.29208
260,500,0.308,0.2458
270,10,0.5289,0.36492
270,20,0.47823,0.33607
270,30,0.50831,0.35536
270,40,0.48694,0.34532
270,50,0.51227,0.35272
270,60,0.46477,0.32464
270,70,0.40538,0.30256
270,80,0.46635,0.33557
270,90,0.48931,0.34146
270,100,0.37767,0.28714
270,110,0.54236,0.37307
270,120,0.44339,0.30949
270,130,0.33888,0.25663
270,140,0.41489,0.2995
270,150,0.4038,0.29638
270,160,0.40143,0.3005
270,170,0.5194,0.35393
270,180,0.44418,0.3116
270,190,0.35629,0.26547
270,200,0.39113,0.29179
270,210,0.4228,0.30748
270,220,0.50515,0.34787
270,230,0.4616,0.33209
270,240,0.42835,0.30622
270,250,0.41093,0.29845
270,260,0.38638,0.29147
270,270,0.42122,0.30928
270,280,0.38638,0.28937
270,290,0.39667,0.28895
270,300,0.57403,0.38677
270,310,0.34046,0.2583
270,320,0.37609,0.28665
270,330,0.41093,0.30686
270,340,0.49565,0.34824
270,350,0.42359,1.236
270,360,0.42359,0.31052
270,370,0.35471,0.27326
270,380,0.37213,0.27848
270,390,0.30404,0.24488
270,400,0.40459,0.29486
270,410,0.39984,0.30288
270,420,0.44893,0.31809
270,430,0.3943,0.29594
270,440,0.44576,0.32404
270,450,0.37055,0.27934
270,460,0.39984,0.29463
270,470,0.38955,0.29417
270,480,0.37213,0.2806
270,490,0.4426,0.3229
270,500,0.32937,0.2551
280,10,0.40618,0.30036
280,20,0.46239,0.33058
280,30,0.41251,0.30502
280,40,0.53761,0.366
280,50,0.42043,0.30921
280,60,0.43943,0.32451
280,70,0.37926,0.28249
280,80,0.45289,0.32336
280,90,0.50356,0.35443
280,100,0.4711,0.33511
280,110,0.42597,0.31169
280,120,0.5099,0.3564
280,130,0.50594,0.3503
280,140,0.4426,0.3216
280,150,0.46477,0.3291
280,160,0.47506,0.33018
280,170,0.35629,0.26011
280,180,0.46002,0.32154
280,190,0.41172,0.2979
280,200,0.38797,0.29138
280,210,0.35154,0.26703
280,220,0.41568,0.30633
280,230,0.41013,0.30436
280,240,0.34125,0.26031
280,250,0.3943,0.29316
280,260,0.44893,0.31744
280,270,0.41805,0.30554
280,280,0.47823,0.33635
280,290,0.50119,0.34917
280,300,0.41409,0.30043
280,310,0.38797,0.29397
280,320,0.49565,0.34121
280,330,0.40222,0.30208
280,340,0.40301,0.29475
280,350,0.41172,0.30842
280,360,0.32304,0.26034
280,370,0.41093,0.30173
280,380,0.3753,0.28575
280,390,0.41489,0.30294
280,400,0.39667,0.29862
280,410,0.44893,1.2774
280,420,0.3175,0.24332
280,430,0.44893,0.33098
280,440,0.46081,0.33101
280,450,0.43072,0.30496
280,460,0.49802,0.34926
280,470,0.53207,0.38063
280,480,0.58828,0.42917
280,490,0.37292,0.29276
280,500,0.45685,0.32956
290,10,0.43547,0.31592
290,20,0.44022,0.31818
290,30,0.5867,0.38891
290,40,0.48614,0.33981
290,50,0.44893,0.32186
290,60,0.47031,0.33348
290,70,0.43468,0.31116
290,80,0.41489,0.30272
290,90,0.41251,0.30244
290,100,0.4996,0.34821
290,110,0.48931,0.34646
290,120,0.45289,0.32517
290,130,0.49485,0.33639
290,140,0.47981,0.34483
290,150,0.5289,0.36364
290,160,0.47664,0.33921
290,170,0.39351,0.27948
290,180,0.40143,0.29655
290,190,0.31987,0.26149
290,200,0.4806,0.3325
290,210,0.41489,0.30595
290,220,0.37055,0.28278
290,230,0.40934,0.30004
290,240,0.37055,0.2852
290,250,0.45527,1.254
290,260,0.37451,0.284
290,270,0.3753,0.28679
290,280,0.3848,0.28515
290,290,0.40855,0.29286
290,300,0.52573,0.37295
290,310,0.45368,0.31978
290,320,0.52732,0.36592
290,330,0.45922,0.31954
290,340,0.83215,1.2184
290,350,0.44497,0.3248
290,360,0.42518,0.30915
290,370,0.48456,0.3395
290,380,0.40618,0.29947
290,390,0.47823,0.33577
290,400,0.34046,0.26151
290,410,0.43468,0.31517
290,420,0.4996,0.37051
290,430,0.47031,0.32783
290,440,0.42914,0.3107
290,450,0.44181,0.32006
290,460,0.34996,0.26367
290,470,0.48931,0.347
290,480,0.39826,0.30009
290,490,0.42122,0.30837
290,500,0.42122,0.30724
300,10,0.43785,0.31832
300,20,0.51544,0.3576
300,30,0.42755,0.31623
300,40,0.55186,0.37535
300,50,0.48535,0.33658
300,60,0.43151,0.30613
300,70,0.41647,0.30509
300,80,0.62233,0.39504
300,90,0.49644,0.35048
300,100,0.55107,0.36948
300,110,0.42043,0.30989
300,120,0.47031,0.33255
300,130,0.4616,0.3185
300,140,0.55424,0.37526
300,150,0.48852,0.34679
300,160,0.47348,0.33707
300,170,0.47348,0.33187
300,180,0.46397,0.324
300,190,0.38005,0.28579
300,200,0.53682,0.3701
300,210,0.49169,0.34267
300,220,0.40538,0.29981
300,230,0.37846,0.28312
300,240,0.44418,0.31148
300,250,0.4331,0.3162
300,260,0.35234,0.26259
300,270,0.41172,0.29
300,280,0.42597,0.30983
300,290,0.43705,0.31933
300,300,0.52969,0.36307
300,310,0.38559,0.28011
300,320,0.43943,0.32546
300,330,0.35234,0.26913
300,340,0.44497,0.32117
300,350,0.48139,0.33731
300,360,0.46635,0.33429
300,370,0.42439,0.30198
300,380,0.39272,0.29037
300,390,0.308,0.24428
300,400,0.38401,0.28178
300,410,0.37371,0.26697
300,420,0.46952,0.34695
300,430,0.34917,0.26755
300,440,0.38638,0.29362
300,450,0.42518,0.31731
300,460,0.41013,0.29658
300,470,0.39113,0.29905
300,480,0.42755,0.31072
300,490,0.38242,0.28939
300,500,0.43864,0.31617
310,10,0.44735,0.32581
310,20,0.35788,0.26989
310,30,0.61758,0.39645
310,40,0.58274,0.38074
310,50,0.56928,0.38242
310,60,0.51465,0.36227
310,70,0.36896,0.2753
310,80,0.34679,0.26029
310,90,0.30562,0.24325
310,100,0.50198,0.35128
310,110,0.44497,0.31579
310,120,0.50911,0.34812
310,130,0.44022,0.31735
310,140,0.42122,0.30456
310,150,0.4426,0.31789
310,160,0.49802,0.34556
310,170,0.43389,0.31291
310,180,0.4038,0.29464
310,190,0.38876,0.28784
310,200,0.39667,0.28813
310,210,0.44022,0.31659
310,220,0.46002,0.32131
310,230,0.42914,0.30978
310,240,0.47348,0.32445
310,250,0.47427,1.2537
310,260,0.45368,0.32082
310,270,0.39272,0.28812
310,280,0.47506,1.2613
310,290,0.51781,0.35804
310,300,0.37688,0.27948
310,310,0.40459,0.3005
310,320,0.56295,1.3254
310,330,0.35946,0.2703
310,340,0.47981,0.32947
310,350,0.4323,0.31263
310,360,0.33492,0.25677
310,370,0.53523,0.37643
310,380,0.41489,0.2995
310,390,0.37926,0.28628
310,400,0.47268,0.34162
310,410,0.39588,0.2924
310,420,0.40538,0.29787
310,430,0.4711,1.2602
310,440,0.40063,0.29375
310,450,0.39272,0.29488
310,460,0.42914,0.31294
310,470,0.53919,0.38594
310,480,0.36263,0.28082
310,490,0.38955,0.28226
310,500,0.34046,0.26974
320,10,0.61362,0.40435
320,20,0.42835,0.30184
320,30,0.41489,0.29721
320,40,0.5004,0.34693
320,50,0.45289,0.31851
320,60,0.40934,0.29623
320,70,0.42914,0.31059
320,80,0.42201,0.30539
320,90,0.60808,0.38967
320,100,0.48139,0.33434
320,110,0.47506,0.33622
320,120,0.36342,0.27111
320,130,0.46714,0.33085
320,140,0.29454,0.23811
320,150,0.54632,0.37556
320,160,0.45606,0.31945
320,170,0.45843,0.32175
320,180,0.46714,0.32612
320,190,0.42518,0.30987
320,200,0.29295,0.23379
320,210,0.44101,0.32026
320,220,0.52811,0.35825
320,230,0.40538,0.30096
320,240,0.36896,0.27637
320,250,0.39272,0.29128
320,260,0.40934,0.30053
320,270,0.41805,0.31172
320,280,0.41013,0.29849
320,290,0.39826,0.29569
320,300,0.56057,0.37304
320,310,0.41172,0.29352
320,320,0.40618,0.30234
320,330,0.48535,0.34504
320,340,0.38084,0.27894
320,350,0.48614,0.34865
320,360,0.56295,0.38752
320,370,0.37451,0.27873
320,380,0.39747,0.29912
320,390,0.34521,0.26655
320,400,0.33967,0.263
320,410,0.40776,0.2962
320,420,0.32462,0.25775
320,430,0.365,0.27434
320,440,0.48773,0.35296
320,450,0.67063,0.47427
320,460,0.27237,0.2169
320,470,0.43151,0.31477
320,480,0.32621,0.26273
320,490,0.4426,0.30995
320,500,0.4038,0.30359
330,10,0.4323,0.31175
330,20,0.43389,0.31589
330,30,0.44181,0.31515
330,40,0.67933,0.41685
330,50,0.39351,0.2809
330,60,0.4711,0.32267
330,70,0.48614,0.34422
330,80,0.53761,0.36807
330,90,0.50594,0.35119
330,100,0.37609,0.28024
330,110,0.39588,0.29213
330,120,0.45764,0.32411
330,130,0.37292,0.28187
330,140,0.47823,0.34727
330,150,0.50435,0.34594
330,160,0.42993,0.31218
330,170,0.44418,0.31589
330,180,0.346,0.2574
330,190,0.45843,0.32436
330,200,0.52494,0.35461
330,210,0.38321,0.2861
330,220,0.41647,0.29962
330,230,0.41568,0.29688
330,240,0.42043,0.31388
330,250,0.42755,0.31549
330,260,0.36738,0.27114
330,270,0.41409,0.30507
330,280,0.44418,0.32113
330,290,0.26445,0.22528
330,300,0.48298,0.34322
330,310,0.47268,1.2672
330,320,0.35867,0.26267
330,330,0.37767,0.28222
330,340,0.61758,0.42811
330,350,0.37926,0.28578
330,360,0.35867,0.26904
330,370,0.37609,0.28152
330,380,0.48298,1.2486
330,390,0.42914,0.30748
330,400,0.37926,0.28719
330,410,0.41964,0.3074
330,420,0.59857,0.43212
330,430,0.39984,0.29214
330,440,0.37451,0.28107
330,450,0.51306,0.36342
330,460,0.49723,0.35694
330,470,0.35946,0.26714
330,480,0.38005,0.28245
330,490,0.37213,0.27273
330,500,0.35075,0.26495
340,10,0.45606,0.32609
340,20,0.41251,0.29826
340,30,0.52652,0.36379
340,40,0.42122,0.30657
340,50,0.44022,0.32575
340,60,0.45685,0.31882
340,70,0.46397,0.32744
340,80,0.42122,0.3051
340,90,0.53048,0.36792
340,100,0.42359,0.30451
340,110,0.47427,0.33304
340,120,0.47981,0.33114
340,130,0.41726,0.30734
340,140,0.48219,0.34096
340,150,0.43864,0.31862
340,160,0.44181,0.31142
340,170,0.37292,0.26819
340,180,0.65083,1.3381
340,190,0.39113,0.28778
340,200,0.39351,0.28582
340,210,0.49723,0.34835
340,220,0.4806,0.34355
340,230,0.47981,0.33425
340,240,0.40697,0.30302
340,250,0.48219,0.33803
340,260,0.54394,0.37193
340,270,0.42439,0.30653
340,280,0.47506,0.33271
340,290,0.39747,0.28945
340,300,0.40618,0.29616
340,310,0.41489,0.29814
340,320,0.35471,0.26718
340,330,0.25337,0.21233
340,340,0.50673,0.34668
340,350,0.40538,0.29964
340,360,0.42201,0.30899
340,370,0.40222,0.29922
340,380,0.34283,0.26805
340,390,0.42122,0.30696
340,400,0.60095,0.42147
340,410,0.37688,0.28376
340,420,0.47268,0.33494
340,430,0.40301,0.29469
340,440,0.43151,0.31379
340,450,0.47427,0.3322
340,460,0.3658,0.27342
340,470,0.3943,0.29299
340,480,0.2977,0.24204
340,490,0.37371,0.28053
340,500,0.35154,0.2719
350,10,0.38401,0.29046
350,20,0.46556,0.33135
350,30,0.38955,0.2874
350,40,0.54473,0.36499
350,50,0.54078,0.36808
350,60,0.45368,0.32675
350,70,0.45131,0.32078
350,80,0.4806,0.33197
350,90,0.46081,0.32464
350,100,0.36817,0.28109
350,110,0.43626,0.31721
350,120,0.44972,0.32093
350,130,0.51781,0.35461
350,140,0.48219,0.34219
350,150,0.42359,0.3042
350,160,0.48773,0.34187
350,170,0.51306,0.34799
350,180,0.47031,0.32932
350,190,0.41093,0.30493
350,200,0.56532,1.3014
350,210,0.72842,1.3636
350,220,0.40618,0.29686
350,230,0.39667,0.29564
350,240,0.44418,0.31685
350,250,0.33888,0.25355
350,260,0.40776,0.30572
350,270,0.46081,0.33354
350,280,0.44418,0.31208
350,290,0.44418,0.31916
350,300,0.42122,0.30254
350,310,0.45764,0.31794
350,320,0.45764,0.315
350,330,0.39588,0.28765
350,340,0.43151,0.31645
350,350,0.37371,0.28058
350,360,0.44418,0.31705
350,370,0.3753,0.28788
350,380,0.42439,0.30895
350,390,0.37451,0.28389
350,400,0.38638,0.28619
350,410,0.3753,0.2767
350,420,0.39747,0.30443
350,430,0.31671,0.25131
350,440,0.34204,0.26507
350,450,0.34521,0.26344
350,460,0.32621,0.25193
350,470,0.42676,0.31192
350,480,0.83294,1.7282
350,490,0.40222,0.29086
350,500,0.40063,0.29539
360,10,0.4133,0.30187
360,20,0.45289,0.32458
360,30,0.45447,0.32602
360,40,0.42518,0.31048
360,50,0.48694,0.34242
360,60,0.48852,0.33823
360,70,0.4996,0.34519
360,80,0.5194,0.35551
360,90,0.38321,0.29025
360,100,0.46873,0.32689
360,110,0.5194,0.35117
360,120,0.44576,0.3247
360,130,0.47585,0.33106
360,140,0.49723,0.34243
360,150,0.44735,0.31706
360,160,0.46635,0.33063
360,170,0.45447,0.31904
360,180,0.39826,0.29396
360,190,0.47743,0.32672
360,200,0.44418,0.31477
360,210,0.48773,0.33476
360,220,0.42122,0.30885
360,230,0.34521,0.25906
360,240,0.32462,0.25116
360,250,0.4038,0.28873
360,260,0.37371,0.2788
360,270,0.45131,0.31896
360,280,0.42914,0.31439
360,290,0.44972,0.32319
360,300,0.45368,0.31914
360,310,0.38559,0.2814
360,320,0.44497,0.32109
360,330,0.43468,0.3186
360,340,0.49485,0.34731
360,350,0.36421,0.27065
360,360,0.57799,1.3162
360,370,0.52573,0.37027
360,380,0.40301,0.29339
360,390,0.5004,0.35492
360,400,0.42835,0.30554
360,410,0.50752,0.36766
360,420,0.41726,0.30998
360,430,0.45764,0.3282
360,440,0.46239,0.34517
360,450,0.49485,1.3007
360,460,0.36184,0.27836
360,470,0.45131,0.32623
360,480,0.49644,1.2779
360,490,0.23832,0.21139
360,500,0.45685,0.33245
370,10,0.5194,0.36232
370,20,0.60016,0.3947
370,30,0.53444,0.35387
370,40,0.5384,0.36304
370,50,0.40538,0.29915
370,60,0.42439,0.29831
370,70,0.49723,0.33405
370,80,0.45685,0.32215
370,90,0.50673,0.35036
370,100,0.38876,0.27809
370,110,0.44814,0.31248
370,120,0.56453,0.37803
370,130,0.42122,0.2961
370,140,0.48298,0.33083
370,150,0.51861,0.35182
370,160,0.46318,0.32956
370,170,0.44022,0.3141
370,180,0.43468,0.31774
370,190,0.43389,0.30061
370,200,0.50277,0.35478
370,210,0.49327,1.2638
370,220,0.49723,0.34603
370,230,0.43547,0.31072
370,240,0.37926,0.27547
370,250,0.43864,0.30537
370,260,0.36896,0.28518
370,270,0.46556,0.32451
370,280,0.35788,0.26741
370,290,0.37371,0.27174
370,300,0.45131,0.32782
370,310,0.3365,0.25542
370,320,0.40776,0.30892
370,330,0.48456,0.33152
370,340,0.49327,0.3469
370,350,0.40855,0.29705
370,360,0.47585,0.33807
370,370,0.38638,0.28578
370,380,0.34679,0.26575
370,390,0.42676,0.30996
370,400,0.50356,1.2767
370,410,0.44339,0.30995
370,420,0.33729,0.25938
370,430,0.49565,0.35095
370,440,0.4331,0.31374
370,450,0.48377,0.34236
370,460,0.40776,0.30191
370,470,0.34204,0.27038
370,480,0.34838,0.26973
370,490,0.41884,0.30858
370,500,0.44656,0.32912
380,10,0.64529,0.40951
380,20,0.47743,0.334
380,30,0.48931,0.33741
380,40,0.50119,0.34818
380,50,0.46002,0.31801
380,60,0.45606,0.32433
380,70,0.46002,0.3231
380,80,0.41647,0.30192
380,90,0.50515,0.35382
380,100,0.34442,0.26268
380,110,0.40222,0.30175
380,120,0.4616,0.32866
380,130,0.43864,0.31438
380,140,0.5099,0.34145
380,150,0.36738,0.27629
380,160,0.51306,0.35489
380,170,0.48773,0.34674
380,180,0.38401,0.28651
380,190,0.45289,0.3163
380,200,0.35392,0.26659
380,210,0.47506,0.32687
380,220,0.42439,0.3038
380,230,0.55107,0.38154
380,240,0.39588,0.29635
380,250,0.42993,0.30864
380,260,0.42439,0.30657
380,270,0.50831,0.347
380,280,0.36659,0.27443
380,290,0.55899,0.37335
380,300,0.35867,0.27224
380,310,0.51306,0.35226
380,320,0.52652,0.36173
380,330,0.41409,0.3075
380,340,0.52257,0.36105
380,350,0.39113,0.29597
380,360,0.41409,0.30311
380,370,0.42201,0.30512
380,380,0.4323,0.30977
380,390,0.34521,0.26877
380,400,0.42835,0.30999
380,410,0.3943,0.29234
380,420,0.4133,0.30589
380,430,0.44497,0.31659
380,440,0.39351,0.29122
380,450,0.45527,0.32327
380,460,0.36738,0.28168
380,470,0.41013,0.30492
380,480,0.40063,0.29545
380,490,0.40618,0.29071
380,500,0.44497,0.31472
390,10,0.44181,0.32026
390,20,0.5194,0.35451
390,30,0.5384,0.36022
390,40,0.50198,0.3415
390,50,0.4806,0.33583
390,60,0.41172,0.29461
390,70,0.49644,0.34731
390,80,0.43864,0.31953
390,90,0.48456,0.33902
390,100,0.45051,0.3129
390,110,0.41409,0.31154
390,120,0.42993,0.31052
390,130,0.346,0.26294
390,140,0.45051,0.3175
390,150,0.41805,0.30305
390,160,0.3848,0.28056
390,170,0.34204,0.26365
390,180,0.32858,0.25775
390,190,0.44576,0.31851
390,200,0.41093,0.29884
390,210,0.45131,0.32013
390,220,0.33571,0.25876
390,230,0.47902,0.33747
390,240,0.40538,0.29707
390,250,0.43547,0.32381
390,260,0.36421,0.27501
390,270,0.48377,0.34224
390,280,0.46477,0.3204
390,290,0.4038,0.29309
390,300,0.41884,0.30227
390,310,0.42439,0.3083
390,320,0.40776,0.31444
390,330,0.37926,0.28027
390,340,0.47348,0.34135
390,350,0.30245,0.2416
390,360,0.48139,0.34287
390,370,0.31512,0.25504
390,380,0.38242,0.28276
390,390,0.47585,0.33471
390,400,0.34679,0.2707
390,410,0.41093,0.30238
390,420,0.44022,0.31002
390,430,0.39984,0.29614
390,440,0.49565,0.35059
390,450,0.49644,0.34586
390,460,0.46477,0.33032
390,470,0.41172,0.31078
390,480,0.58591,0.42328
390,490,0.3658,0.27115
390,500,0.32779,0.26335
400,10,0.3848,0.28695
400,20,0.43705,0.32018
400,30,0.50594,0.35545
400,40,0.49406,0.34484
400,50,0.66429,0.42257
400,60,0.42518,0.30384
400,70,0.31275,0.24932
400,80,0.41251,0.29702
400,90,0.37055,0.27856
400,100,0.46556,0.33193
400,110,0.39034,0.28876
400,120,0.49565,0.33632
400,130,0.5384,0.35977
400,140,0.45685,0.32914
400,150,0.48773,0.33513
400,160,0.44497,0.31274
400,170,0.44656,0.32359
400,180,0.44497,0.31772
400,190,0.44656,0.31579
400,200,0.47189,1.2642
400,210,0.47268,0.32922
400,220,0.37371,0.27739
400,230,0.49248,0.34368
400,240,0.44656,0.31511
400,250,0.39351,0.2922
400,260,0.39509,0.29377
400,270,0.37688,0.28766
400,280,0.44893,1.2444
400,290,0.40618,0.30081
400,300,0.42755,0.31029
400,310,0.38005,0.28577
400,320,0.43785,0.3234
400,330,0.49089,0.34934
400,340,0.46477,0.32641
400,350,0.39984,0.29663
400,360,0.48298,0.33677
400,370,0.37846,0.27954
400,380,0.4616,0.33532
400,390,0.41568,0.30712
400,400,0.37371,0.27449
400,410,0.44022,0.31655
400,420,0.41568,0.30694
400,430,0.42439,0.29977
400,440,0.37451,0.28411
400,450,0.4426,0.31789
400,460,0.35629,0.27354
400,470,0.47427,0.35797
400,480,0.42439,0.30891
400,490,0.36896,0.27547
400,500,0.46318,1.2528
410,10,0.52652,0.3557
410,20,0.58432,0.37831
410,30,0.83373,0.45074
410,40,0.4133,0.29544
410,50,0.51465,0.34771
410,60,0.43626,0.31036
410,70,0.36896,0.26968
410,80,0.41251,0.30306
410,90,0.47743,0.33483
410,100,0.37609,0.28625
410,110,0.49485,0.35287
410,120,0.39826,0.2923
410,130,0.46318,0.32853
410,140,0.49802,0.3551
410,150,0.44418,0.32125
410,160,0.4133,0.28704
410,170,0.41568,0.29856
410,180,0.46318,0.32628
410,190,0.44418,1.2312
410,200,0.42043,0.30679
410,210,0.41489,0.30476
410,220,0.54553,0.36982
410,230,0.4521,0.31619
410,240,0.46477,0.32646
410,250,0.42597,0.30937
410,260,0.42835,0.29951
410,270,0.32937,0.25627
410,280,0.47585,0.3291
410,290,0.34996,0.26582
410,300,0.41013,0.29496
410,310,0.46081,0.32506
410,320,0.38242,0.28126
410,330,0.39747,0.29262
410,340,0.4996,0.35687
410,350,0.42201,0.30135
410,360,0.69279,1.4255
410,370,0.35629,0.26882
410,380,0.47981,0.33477
410,390,0.50119,0.35443
410,400,0.35946,0.27726
410,410,0.39588,0.29854
410,420,0.35313,0.27004
410,430,0.33808,0.26642
410,440,0.41884,0.3068
410,450,0.45368,0.33045
410,460,0.60253,0.4174
410,470,0.34838,0.27581
410,480,0.38084,0.28621
410,490,0.39747,0.29083
410,500,0.43785,0.33343
420,10,0.42359,0.31271
420,20,0.38876,0.28851
420,30,0.41805,0.30182
420,40,0.68884,0.42355
420,50,0.46952,0.32535
420,60,0.40143,0.28996
420,70,0.47427,0.33698
420,80,0.34679,0.26686
420,90,0.44893,0.32213
420,100,0.47902,0.33612
420,110,0.58749,0.3836
420,120,0.53761,0.37003
420,130,0.45606,0.32389
420,140,0.41568,0.29984
420,150,0.37846,0.28699
420,160,0.50752,0.35395
420,170,0.44339,0.31035
420,180,0.29612,0.23907
420,190,0.46477,0.33592
420,200,0.48139,0.33649
420,210,0.58511,0.38809
420,220,0.47427,0.34062
420,230,0.40459,0.29952
420,240,0.43864,0.31432
420,250,0.52573,0.35768
420,260,0.4228,0.31421
420,270,0.3365,0.26145
420,280,0.49565,0.34586
420,290,0.40538,0.28816
420,300,0.39034,0.29448
420,310,0.43705,0.31635
420,320,0.44101,0.32309
420,330,0.46714,0.32887
420,340,0.4331,0.30648
420,350,0.4616,1.2552
420,360,0.41726,0.31074
420,370,0.42122,0.30917
420,380,0.50198,1.2743
420,390,0.39905,0.29054
420,400,0.55265,0.38861
420,410,0.35075,0.26738
420,420,0.4426,0.32392
420,430,0.38876,0.29768
420,440,0.32146,0.25251
420,450,0.365,0.27483
420,460,0.43785,0.32471
420,470,0.39826,0.2969
420,480,0.43705,0.3165
420,490,0.35709,0.28542
420,500,0.39351,0.2993
430,10,0.52573,0.35621
430,20,0.41172,0.30283
430,30,0.65875,0.41297
430,40,0.49327,0.34728
430,50,0.50515,0.35018
430,60,0.49327,0.34097
430,70,0.44101,0.31926
430,80,0.53603,0.36216
430,90,0.37213,0.27779
430,100,0.44576,0.31644
430,110,0.41251,0.30565
430,120,0.36896,0.2703
430,130,0.49248,0.34653
430,140,0.52019,0.3576
430,150,0.40776,0.29558
430,160,0.36738,0.27886
430,170,0.46793,0.33172
430,180,0.41647,0.3094
430,190,0.40934,0.3058
430,200,0.32304,0.25283
430,210,0.44656,0.32313
430,220,0.44181,0.32622
430,230,0.31037,0.2397
430,240,0.35709,0.27195
430,250,0.46477,0.32425
430,260,0.47031,0.33916
430,270,0.32146,0.25747
430,280,0.38005,0.27645
430,290,0.38717,0.28535
430,300,0.41726,0.29881
430,310,0.48852,0.3455
430,320,0.44181,0.31392
430,330,0.49723,0.34849
430,340,0.54632,0.38136
430,350,0.3943,0.29583
430,360,0.44497,0.31802
430,370,0.4228,0.31676
430,380,0.43785,0.32282
430,390,0.43705,0.31731
430,400,0.31116,0.25129
430,410,0.40776,0.3011
430,420,0.35471,0.27412
430,430,0.47031,0.33517
430,440,0.54949,0.38513
430,450,0.37688,0.27869
430,460,0.34521,0.26935
430,470,0.36105,0.27216
430,480,0.54394,0.38148
430,490,0.35709,0.26801
430,500,0.42201,0.30175
440,10,0.45289,0.31405
440,20,0.45527,0.32988
440,30,0.42676,0.31895
440,40,0.51069,0.35317
440,50,0.59699,0.3944
440,60,0.4616,0.32323
440,70,0.59857,0.38882
440,80,0.33254,0.25773
440,90,0.47823,0.33601
440,100,0.38876,0.28977
440,110,0.47823,0.33157
440,120,0.48377,0.33483
440,130,0.5004,0.3457
440,140,0.43785,0.3084
440,150,0.45843,0.32282
440,160,0.49565,0.34656
440,170,0.3943,0.29922
440,180,0.40538,0.30132
440,190,0.39034,0.29478
440,200,0.35946,0.26653
440,210,0.47585,0.33573
440,220,0.30641,0.23945
440,230,0.36263,0.27421
440,240,0.38876,0.28279
440,250,0.44181,0.31529
440,260,0.46239,0.32204
440,270,0.38797,0.28825
440,280,0.4616,0.32842
440,290,0.45131,0.31692
440,300,0.43468,0.30495
440,310,0.39509,0.29324
440,320,0.41647,0.29965
440,330,0.43943,0.31926
440,340,0.41726,0.30364
440,350,0.52415,1.2876
440,360,0.41805,0.31173
440,370,0.34363,0.27454
440,380,0.39905,0.29193
440,390,0.46002,0.32229
440,400,0.38955,0.28938
440,410,0.42835,0.31431
440,420,0.36659,0.27145
440,430,0.43943,0.3198
440,440,0.39588,0.29239
440,450,0.45289,0.33522
440,460,0.38401,0.28608
440,470,0.36421,0.27674
440,480,0.36817,0.28067
440,490,0.48219,0.35519
440,500,0.56532,0.40693
450,10,0.4616,0.32073
450,20,0.45131,0.32682
450,30,0.64687,0.40492
450,40,0.46952,0.33235
450,50,0.42201,0.29843
450,60,0.54236,0.36684
450,70,0.46397,0.33499
450,80,0.41093,0.29915
450,90,0.41726,0.30225
450,100,0.43151,0.30125
450,110,0.38717,0.2776
450,120,0.43547,0.30329
450,130,0.39905,0.29784
450,140,0.38638,0.28433
450,150,0.42597,0.31127
450,160,0.40697,0.29791
450,170,0.44814,0.32128
450,180,0.45527,0.31877
450,190,0.48535,0.34137
450,200,0.40855,0.30202
450,210,0.36105,0.28213
450,220,0.46081,0.32461
450,230,0.36263,0.27566
450,240,0.3848,0.28897
450,250,0.48773,0.34841
450,260,0.51069,0.34595
450,270,0.38955,0.28412
450,280,0.42914,0.30644
450,290,0.47268,1.2823
450,300,0.46477,1.2547
450,310,0.42043,0.3038
450,320,0.38876,0.28682
450,330,0.42359,0.30942
450,340,0.40618,0.30072
450,350,0.4323,0.31334
450,360,0.39984,0.28837
450,370,0.47189,0.3351
450,380,0.43389,1.2611
450,390,0.34521,0.26809
450,400,0.28345,0.22303
450,410,0.46556,0.33657
450,420,0.37926,0.28351
450,430,0.3943,0.29426
450,440,0.39351,0.3069
450,450,0.34442,0.26963
450,460,0.30404,0.24101
450,470,0.36975,0.27752
450,480,0.36105,0.27523
450,490,0.36263,0.27347
450,500,0.47031,0.33909
460,10,0.42043,0.3079
460,20,0.5194,0.36354
460,30,0.45685,0.33463
460,40,0.44101,0.32008
460,50,0.42439,0.30314
460,60,0.34521,0.26007
460,70,0.5677,0.37541
460,80,0.44735,0.31763
460,90,0.42201,0.29982
460,100,0.43151,0.30688
460,110,0.4616,0.33239
460,120,0.40538,0.29908
460,130,0.47743,1.2561
460,140,0.47902,0.33421
460,150,0.39747,0.29621
460,160,0.51069,0.35292
460,170,0.39272,0.29164
460,180,0.42122,0.30324
460,190,0.39588,0.2925
460,200,0.39351,0.29354
460,210,0.49089,0.34525
460,220,0.42755,0.307
460,230,0.39509,0.28735
460,240,0.41489,0.29779
460,250,0.39667,0.28922
460,260,0.44576,0.31838
460,270,0.49406,0.34237
460,280,0.43705,0.31019
460,290,0.6152,0.42474
460,300,0.3848,0.28848
460,310,0.39113,0.29221
460,320,0.3753,0.2811
460,330,0.42201,0.30692
460,340,0.47427,0.32763
460,350,0.42755,0.31313
460,360,0.35234,0.2694
460,370,0.33017,0.26231
460,380,0.40063,0.29627
460,390,0.35075,0.26703
460,400,0.38005,0.28706
460,410,0.42359,0.31226
460,420,0.31354,0.2476
460,430,0.42755,0.31189
460,440,0.48614,0.34361
460,450,0.38797,0.29742
460,460,0.44735,0.32263
460,470,0.40934,0.29812
460,480,0.65796,0.4812
460,490,0.43389,0.3185
460,500,0.47585,0.34511
470,10,0.48219,0.32984
470,20,0.51148,0.35077
470,30,0.39509,0.29008
470,40,0.4323,0.3149
470,50,0.30958,0.24751
470,60,0.3753,0.29134
470,70,0.3753,0.27284
470,80,0.41251,0.2961
470,90,0.50435,0.35312
470,100,0.44418,0.31933
470,110,0.42914,0.30612
470,120,0.38717,0.28429
470,130,0.38955,0.2907
470,140,0.32779,0.26074
470,150,0.48139,0.33952
470,160,0.50594,0.34569
470,170,0.40618,0.29138
470,180,0.41172,0.29205
470,190,0.41805,0.30663
470,200,0.42597,0.31143
470,210,0.43943,0.31456
470,220,0.44814,0.3177
470,230,0.35154,0.2703
470,240,0.55978,1.3091
470,250,0.44656,0.32069
470,260,0.66904,1.3482
470,270,0.41093,0.3011
470,280,0.42201,0.31056
470,290,0.3753,0.27911
470,300,0.38163,0.29451
470,310,0.3555,0.27109
470,320,0.36659,0.27801
470,330,0.36975,0.27861
470,340,0.52415,0.35391
470,350,0.36896,0.28179
470,360,0.36896,0.27473
470,370,0.45764,0.33509
470,380,0.4901,0.34272
470,390,0.38638,0.29646
470,400,0.36975,0.28343
470,410,0.36975,0.27593
470,420,0.42518,0.30355
470,430,0.44022,0.32975
470,440,0.39113,0.29633
470,450,0.49327,0.3519
470,460,0.36659,0.28042
470,470,0.53286,0.37218
470,480,0.37371,0.28305
470,490,0.41884,0.30264
470,500,0.44418,0.32634
480,10,0.3943,0.28857
480,20,0.52019,0.36138
480,30,0.38955,0.29185
480,40,0.38401,0.28442
480,50,0.38401,0.28832
480,60,0.40618,0.29409
480,70,0.49248,0.33908
480,80,0.46952,0.32928
480,90,0.42122,0.31536
480,100,0.52098,0.36096
480,110,0.54632,0.36831
480,120,0.39588,0.28933
480,130,0.58195,0.3861
480,140,0.33571,0.2658
480,150,0.43943,0.31141
480,160,0.38005,0.27902
480,170,0.39034,0.29634
480,180,0.43547,1.2463
480,190,0.41489,0.29679
480,200,0.41489,0.29779
480,210,0.37451,0.2778
480,220,0.36896,0.27835
480,230,0.38876,0.28934
480,240,0.39034,0.28362
480,250,0.47427,0.3363
480,260,0.44893,0.32287
480,270,0.52336,0.36249
480,280,0.47031,0.33941
480,290,0.44576,0.31601
480,300,0.40301,0.29601
480,310,0.44497,0.31671
480,320,0.52811,0.36616
480,330,0.38717,0.28672
480,340,0.51623,0.36244
480,350,0.38559,0.28251
480,360,0.37609,0.28282
480,370,0.45843,1.2555
480,380,0.37213,0.28215
480,390,0.50752,0.35626
480,400,0.43785,0.31896
480,410,0.35867,0.26662
480,420,0.42914,0.31245
480,430,0.38559,0.29068
480,440,0.37134,0.27588
480,450,0.39826,0.30825
480,460,0.29612,0.23816
480,470,0.46002,0.33332
480,480,0.47902,0.34178
480,490,0.35234,0.26799
480,500,0.43389,1.2216
490,10,0.55978,0.37479
490,20,0.45368,0.32171
490,30,0.40222,0.30273
490,40,0.35867,0.26341
490,50,0.47189,0.33548
490,60,0.64133,0.40915
490,70,0.38005,0.28435
490,80,0.43468,0.3076
490,90,0.42359,0.30285
490,100,0.50831,0.34987
490,110,0.43943,0.31201
490,120,0.45764,0.32101
490,130,0.46239,0.33021
490,140,0.38242,0.28037
490,150,0.50356,0.34903
490,160,0.43389,0.3122
490,170,0.34363,0.26858
490,180,0.44101,0.32408
490,190,0.41409,0.30384
490,200,0.44181,0.31489
490,210,0.41489,0.31351
490,220,0.35392,0.2725
490,230,0.36105,0.2666
490,240,0.41251,0.30078
490,250,0.42439,0.31208
490,260,0.43626,0.31176
490,270,0.41409,0.30434
490,280,0.39588,0.28446
490,290,0.42676,0.30867
490,300,0.35629,0.27258
490,310,0.40934,0.29434
490,320,0.40538,0.28686
490,330,0.43864,0.31442
490,340,0.34759,0.26879
490,350,0.30483,0.24447
490,360,0.33333,0.25483
490,370,0.35946,0.26677
490,380,0.39034,0.29438
490,390,0.41805,0.30457
490,400,0.36263,0.26793
490,410,0.53919,1.2873
490,420,0.53286,0.37699
490,430,0.46002,0.32864
490,440,0.43072,0.31505
490,450,0.34442,0.27187
490,460,0.32779,0.24742
490,470,0.40301,0.29806
490,480,0.36975,0.28009
490,490,0.365,0.27664
490,500,0.37926,0.28879
500,10,0.49881,0.33776
500,20,0.44339,0.31347
500,30,0.55819,0.37104
500,40,0.4331,0.31711
500,50,0.5479,0.3741
500,60,0.46002,0.33534
500,70,0.44656,0.32034
500,80,0.46873,0.32906
500,90,0.50435,0.34933
500,100,0.41805,0.29989
500,110,0.47981,0.33574
500,120,0.45685,0.31765
500,130,0.50119,0.34871
500,140,0.4711,0.33354
500,150,0.41964,0.30598
500,160,0.48535,0.33571
500,170,0.50594,0.3504
500,180,0.38163,0.29061
500,190,0.41884,0.31033
500,200,0.35471,0.27706
500,210,0.44972,0.3103
500,220,0.50831,1.2827
500,230,0.42043,0.30614
500,240,0.3753,0.2768
500,250,0.41884,0.30103
500,260,0.45368,0.32428
500,270,0.45843,0.3258
500,280,0.45051,0.31777
500,290,0.45447,0.32601
500,300,0.54473,0.37426
500,310,0.44181,0.32767
500,320,0.33571,0.26126
500,330,0.41805,0.30411
500,340,0.44576,0.31717
500,350,0.3753,0.28301
500,360,0.42835,0.30322
500,370,0.43864,0.31536
500,380,0.35234,0.26438
500,390,0.65717,0.46601
500,400,0.42043,0.30701
500,410,0.36659,0.28088
500,420,0.54157,0.38939
500,430,0.3658,0.27624
500,440,0.49485,0.34539
500,450,0.31671,0.24972
500,460,0.38876,0.29724
500,470,0.50831,0.35577
500,480,0.50356,0.35397
500,490,0.28266,0.23515
500,500,0.49089,0.35431
